0.5  2025-03-31  10:44:13.492784
0.5  2025-03-31  10:44:13.492793
